B.dk <-
structure(list(year = c(1901L, 1901L, 1901L, 1901L, 1901L, 1901L, 
1901L, 1901L, 1901L, 1901L, 1901L, 1901L, 1902L, 1902L, 1902L, 
1902L, 1902L, 1902L, 1902L, 1902L, 1902L, 1902L, 1902L, 1902L, 
1903L, 1903L, 1903L, 1903L, 1903L, 1903L, 1903L, 1903L, 1903L, 
1903L, 1903L, 1903L, 1904L, 1904L, 1904L, 1904L, 1904L, 1904L, 
1904L, 1904L, 1904L, 1904L, 1904L, 1904L, 1905L, 1905L, 1905L, 
1905L, 1905L, 1905L, 1905L, 1905L, 1905L, 1905L, 1905L, 1905L, 
1906L, 1906L, 1906L, 1906L, 1906L, 1906L, 1906L, 1906L, 1906L, 
1906L, 1906L, 1906L, 1907L, 1907L, 1907L, 1907L, 1907L, 1907L, 
1907L, 1907L, 1907L, 1907L, 1907L, 1907L, 1908L, 1908L, 1908L, 
1908L, 1908L, 1908L, 1908L, 1908L, 1908L, 1908L, 1908L, 1908L, 
1909L, 1909L, 1909L, 1909L, 1909L, 1909L, 1909L, 1909L, 1909L, 
1909L, 1909L, 1909L, 1910L, 1910L, 1910L, 1910L, 1910L, 1910L, 
1910L, 1910L, 1910L, 1910L, 1910L, 1910L, 1911L, 1911L, 1911L, 
1911L, 1911L, 1911L, 1911L, 1911L, 1911L, 1911L, 1911L, 1911L, 
1912L, 1912L, 1912L, 1912L, 1912L, 1912L, 1912L, 1912L, 1912L, 
1912L, 1912L, 1912L, 1913L, 1913L, 1913L, 1913L, 1913L, 1913L, 
1913L, 1913L, 1913L, 1913L, 1913L, 1913L, 1914L, 1914L, 1914L, 
1914L, 1914L, 1914L, 1914L, 1914L, 1914L, 1914L, 1914L, 1914L, 
1915L, 1915L, 1915L, 1915L, 1915L, 1915L, 1915L, 1915L, 1915L, 
1915L, 1915L, 1915L, 1916L, 1916L, 1916L, 1916L, 1916L, 1916L, 
1916L, 1916L, 1916L, 1916L, 1916L, 1916L, 1917L, 1917L, 1917L, 
1917L, 1917L, 1917L, 1917L, 1917L, 1917L, 1917L, 1917L, 1917L, 
1918L, 1918L, 1918L, 1918L, 1918L, 1918L, 1918L, 1918L, 1918L, 
1918L, 1918L, 1918L, 1919L, 1919L, 1919L, 1919L, 1919L, 1919L, 
1919L, 1919L, 1919L, 1919L, 1919L, 1919L, 1920L, 1920L, 1920L, 
1920L, 1920L, 1920L, 1920L, 1920L, 1920L, 1920L, 1920L, 1920L, 
1921L, 1921L, 1921L, 1921L, 1921L, 1921L, 1921L, 1921L, 1921L, 
1921L, 1921L, 1921L, 1922L, 1922L, 1922L, 1922L, 1922L, 1922L, 
1922L, 1922L, 1922L, 1922L, 1922L, 1922L, 1923L, 1923L, 1923L, 
1923L, 1923L, 1923L, 1923L, 1923L, 1923L, 1923L, 1923L, 1923L, 
1924L, 1924L, 1924L, 1924L, 1924L, 1924L, 1924L, 1924L, 1924L, 
1924L, 1924L, 1924L, 1925L, 1925L, 1925L, 1925L, 1925L, 1925L, 
1925L, 1925L, 1925L, 1925L, 1925L, 1925L, 1926L, 1926L, 1926L, 
1926L, 1926L, 1926L, 1926L, 1926L, 1926L, 1926L, 1926L, 1926L, 
1927L, 1927L, 1927L, 1927L, 1927L, 1927L, 1927L, 1927L, 1927L, 
1927L, 1927L, 1927L, 1928L, 1928L, 1928L, 1928L, 1928L, 1928L, 
1928L, 1928L, 1928L, 1928L, 1928L, 1928L, 1929L, 1929L, 1929L, 
1929L, 1929L, 1929L, 1929L, 1929L, 1929L, 1929L, 1929L, 1929L, 
1930L, 1930L, 1930L, 1930L, 1930L, 1930L, 1930L, 1930L, 1930L, 
1930L, 1930L, 1930L, 1931L, 1931L, 1931L, 1931L, 1931L, 1931L, 
1931L, 1931L, 1931L, 1931L, 1931L, 1931L, 1932L, 1932L, 1932L, 
1932L, 1932L, 1932L, 1932L, 1932L, 1932L, 1932L, 1932L, 1932L, 
1933L, 1933L, 1933L, 1933L, 1933L, 1933L, 1933L, 1933L, 1933L, 
1933L, 1933L, 1933L, 1934L, 1934L, 1934L, 1934L, 1934L, 1934L, 
1934L, 1934L, 1934L, 1934L, 1934L, 1934L, 1935L, 1935L, 1935L, 
1935L, 1935L, 1935L, 1935L, 1935L, 1935L, 1935L, 1935L, 1935L, 
1936L, 1936L, 1936L, 1936L, 1936L, 1936L, 1936L, 1936L, 1936L, 
1936L, 1936L, 1936L, 1937L, 1937L, 1937L, 1937L, 1937L, 1937L, 
1937L, 1937L, 1937L, 1937L, 1937L, 1937L, 1938L, 1938L, 1938L, 
1938L, 1938L, 1938L, 1938L, 1938L, 1938L, 1938L, 1938L, 1938L, 
1939L, 1939L, 1939L, 1939L, 1939L, 1939L, 1939L, 1939L, 1939L, 
1939L, 1939L, 1939L, 1940L, 1940L, 1940L, 1940L, 1940L, 1940L, 
1940L, 1940L, 1940L, 1940L, 1940L, 1940L, 1941L, 1941L, 1941L, 
1941L, 1941L, 1941L, 1941L, 1941L, 1941L, 1941L, 1941L, 1941L, 
1942L, 1942L, 1942L, 1942L, 1942L, 1942L, 1942L, 1942L, 1942L, 
1942L, 1942L, 1942L, 1943L, 1943L, 1943L, 1943L, 1943L, 1943L, 
1943L, 1943L, 1943L, 1943L, 1943L, 1943L, 1944L, 1944L, 1944L, 
1944L, 1944L, 1944L, 1944L, 1944L, 1944L, 1944L, 1944L, 1944L, 
1945L, 1945L, 1945L, 1945L, 1945L, 1945L, 1945L, 1945L, 1945L, 
1945L, 1945L, 1945L, 1946L, 1946L, 1946L, 1946L, 1946L, 1946L, 
1946L, 1946L, 1946L, 1946L, 1946L, 1946L, 1947L, 1947L, 1947L, 
1947L, 1947L, 1947L, 1947L, 1947L, 1947L, 1947L, 1947L, 1947L, 
1948L, 1948L, 1948L, 1948L, 1948L, 1948L, 1948L, 1948L, 1948L, 
1948L, 1948L, 1948L, 1949L, 1949L, 1949L, 1949L, 1949L, 1949L, 
1949L, 1949L, 1949L, 1949L, 1949L, 1949L, 1950L, 1950L, 1950L, 
1950L, 1950L, 1950L, 1950L, 1950L, 1950L, 1950L, 1950L, 1950L, 
1951L, 1951L, 1951L, 1951L, 1951L, 1951L, 1951L, 1951L, 1951L, 
1951L, 1951L, 1951L, 1952L, 1952L, 1952L, 1952L, 1952L, 1952L, 
1952L, 1952L, 1952L, 1952L, 1952L, 1952L, 1953L, 1953L, 1953L, 
1953L, 1953L, 1953L, 1953L, 1953L, 1953L, 1953L, 1953L, 1953L, 
1954L, 1954L, 1954L, 1954L, 1954L, 1954L, 1954L, 1954L, 1954L, 
1954L, 1954L, 1954L, 1955L, 1955L, 1955L, 1955L, 1955L, 1955L, 
1955L, 1955L, 1955L, 1955L, 1955L, 1955L, 1956L, 1956L, 1956L, 
1956L, 1956L, 1956L, 1956L, 1956L, 1956L, 1956L, 1956L, 1956L, 
1957L, 1957L, 1957L, 1957L, 1957L, 1957L, 1957L, 1957L, 1957L, 
1957L, 1957L, 1957L, 1958L, 1958L, 1958L, 1958L, 1958L, 1958L, 
1958L, 1958L, 1958L, 1958L, 1958L, 1958L, 1959L, 1959L, 1959L, 
1959L, 1959L, 1959L, 1959L, 1959L, 1959L, 1959L, 1959L, 1959L, 
1960L, 1960L, 1960L, 1960L, 1960L, 1960L, 1960L, 1960L, 1960L, 
1960L, 1960L, 1960L, 1961L, 1961L, 1961L, 1961L, 1961L, 1961L, 
1961L, 1961L, 1961L, 1961L, 1961L, 1961L, 1962L, 1962L, 1962L, 
1962L, 1962L, 1962L, 1962L, 1962L, 1962L, 1962L, 1962L, 1962L, 
1963L, 1963L, 1963L, 1963L, 1963L, 1963L, 1963L, 1963L, 1963L, 
1963L, 1963L, 1963L, 1964L, 1964L, 1964L, 1964L, 1964L, 1964L, 
1964L, 1964L, 1964L, 1964L, 1964L, 1964L, 1965L, 1965L, 1965L, 
1965L, 1965L, 1965L, 1965L, 1965L, 1965L, 1965L, 1965L, 1965L, 
1966L, 1966L, 1966L, 1966L, 1966L, 1966L, 1966L, 1966L, 1966L, 
1966L, 1966L, 1966L, 1967L, 1967L, 1967L, 1967L, 1967L, 1967L, 
1967L, 1967L, 1967L, 1967L, 1967L, 1967L, 1968L, 1968L, 1968L, 
1968L, 1968L, 1968L, 1968L, 1968L, 1968L, 1968L, 1968L, 1968L, 
1969L, 1969L, 1969L, 1969L, 1969L, 1969L, 1969L, 1969L, 1969L, 
1969L, 1969L, 1969L, 1970L, 1970L, 1970L, 1970L, 1970L, 1970L, 
1970L, 1970L, 1970L, 1970L, 1970L, 1970L, 1971L, 1971L, 1971L, 
1971L, 1971L, 1971L, 1971L, 1971L, 1971L, 1971L, 1971L, 1971L, 
1972L, 1972L, 1972L, 1972L, 1972L, 1972L, 1972L, 1972L, 1972L, 
1972L, 1972L, 1972L, 1973L, 1973L, 1973L, 1973L, 1973L, 1973L, 
1973L, 1973L, 1973L, 1973L, 1973L, 1973L, 1974L, 1974L, 1974L, 
1974L, 1974L, 1974L, 1974L, 1974L, 1974L, 1974L, 1974L, 1974L, 
1975L, 1975L, 1975L, 1975L, 1975L, 1975L, 1975L, 1975L, 1975L, 
1975L, 1975L, 1975L, 1976L, 1976L, 1976L, 1976L, 1976L, 1976L, 
1976L, 1976L, 1976L, 1976L, 1976L, 1976L, 1977L, 1977L, 1977L, 
1977L, 1977L, 1977L, 1977L, 1977L, 1977L, 1977L, 1977L, 1977L, 
1978L, 1978L, 1978L, 1978L, 1978L, 1978L, 1978L, 1978L, 1978L, 
1978L, 1978L, 1978L, 1979L, 1979L, 1979L, 1979L, 1979L, 1979L, 
1979L, 1979L, 1979L, 1979L, 1979L, 1979L, 1980L, 1980L, 1980L, 
1980L, 1980L, 1980L, 1980L, 1980L, 1980L, 1980L, 1980L, 1980L, 
1981L, 1981L, 1981L, 1981L, 1981L, 1981L, 1981L, 1981L, 1981L, 
1981L, 1981L, 1981L, 1982L, 1982L, 1982L, 1982L, 1982L, 1982L, 
1982L, 1982L, 1982L, 1982L, 1982L, 1982L, 1983L, 1983L, 1983L, 
1983L, 1983L, 1983L, 1983L, 1983L, 1983L, 1983L, 1983L, 1983L, 
1984L, 1984L, 1984L, 1984L, 1984L, 1984L, 1984L, 1984L, 1984L, 
1984L, 1984L, 1984L, 1985L, 1985L, 1985L, 1985L, 1985L, 1985L, 
1985L, 1985L, 1985L, 1985L, 1985L, 1985L, 1986L, 1986L, 1986L, 
1986L, 1986L, 1986L, 1986L, 1986L, 1986L, 1986L, 1986L, 1986L, 
1987L, 1987L, 1987L, 1987L, 1987L, 1987L, 1987L, 1987L, 1987L, 
1987L, 1987L, 1987L, 1988L, 1988L, 1988L, 1988L, 1988L, 1988L, 
1988L, 1988L, 1988L, 1988L, 1988L, 1988L, 1989L, 1989L, 1989L, 
1989L, 1989L, 1989L, 1989L, 1989L, 1989L, 1989L, 1989L, 1989L, 
1990L, 1990L, 1990L, 1990L, 1990L, 1990L, 1990L, 1990L, 1990L, 
1990L, 1990L, 1990L, 1991L, 1991L, 1991L, 1991L, 1991L, 1991L, 
1991L, 1991L, 1991L, 1991L, 1991L, 1991L, 1992L, 1992L, 1992L, 
